1
2
3
5
6
7
8
12
16
17
18
19
20
21
22
23
24
25
26
27
28
31
33
33
34
35
35
36
37
38
41
44
44
46
47
47
48
49
50
53
54
56
57
58
59
60
60
60
61
62
63
65
66
68
69
71
71
71
72
72
73
74
75
76
76
77
77
79
83
84
85
88
90
91
92
93
93
94
94
94
95
95
95
96
96
98
99
99
99
100
101
103
104
105
107
107
107
107
108
108
108
111
112
113
113
114
115
115
116
116
117
118
118
119
120
122
122
122
122
122
123
123
123
124
125
127
127
128
129
130
132
132
132
132
132
133
134
135
135
135
135
136
136
137
137
137
138
138
139
140
140
141
141
142
143
144
145
146
147
147
148
148
149
150
151
151
152
153
153
154
155
155
157
158
159
160
160
161
162
163
163
163
163
163
163
165
166
166
167
167
167
168
168
168
169
171
171
172
173
173
175
177
177
178
178
179
181
181
181
182
182
182
182
183
184
186
186
186
186
186
186
187
188
188
188
188
189
189
189
189
190
191
191
191
191
191
191
192
192
193
194
196
196
196
196
196
196
197
197
197
197
198
198
199
199
199
199
200
200
200
200
201
202
203
205
205
206
207
208
209
209
209
209
210
210
210
210
210
211
211
212
212
212
214
216
217
218
218
219
219
219
219
219
220
220
221
222
222
225
226
227
227
227
227
227
229
229
229
230
230
232
232
232
233
233
233
233
233
233
234
234
234
234
235
236
236
236
236
237
237
237
237
237
237
237
237
238
238
238
239
240
240
240
241
242
244
244
245
246
246
246
247
247
247
247
247
248
249
249
249
249
249
249
249
249
250
250
250
251
252
252
253
254
254
254
255
255
256
256
257
257
257
257
257
258
259
259
259
260
260
262
262
262
263
263
263
265
265
266
268
269
270
270
270
271
271
272
272
272
273
274
275
279
280
280
280
280
280
280
280
280
280
280
280
280
280
280
280
281
281
281
281
281
281
281
281
282
282
283
283
285
286
287
288
288
288
288
288
288
288
288
288
288
288
288
288
289
289
291
291
292
293
293
295
296
296
296
296
296
296
296
296
297
297
297
297
297
297
297
298
299
300
301
301
301
302
303
304
304
304
305
305
305
305
305
305
305
305
305
305
305
306
306
306
307
307
307
307
307
307
307
307
308
308
308
308
308
308
308
309
309
309
309
309
309
309
309
310
310
310
311
312
313
313
313
313
314
314
314
314
314
314
314
314
314
314
314
314
314
314
314
314
314
315
316
316
316
317
317
317
318
319
320
320
320
320
321
322
323
323
324
324
325
325
325
325
325
325
326
326
327
327
327
327
327
328
328
329
329
329
330
330
332
332
334
334
334
334
335
335
336
336
337
338
338
338
339
339
339
339
339
339
339
339
339
339
340
340
340
341
341
342
342
343
344
344
344
345
345
345
345
345
345
345
345
345
345
345
345
346
346
346
346
347
347
347
347
347
349
349
349
349
349
350
350
352
352
353
354
354
354
354
355
356
357
357
357
357
357
358
358
358
358
358
359
360
360
360
361
362
363
364
364
364
364
364
364
365
365
365
366
367
367
367
367
369
370
370
370
370
370
370
370
371
371
371
371
371
372
372
372
372
372
372
373
373
374
374
374
375
377
377
378
378
378
378
378
378
379
379
379
379
379
379
379
380
380
381
381
381
382
382
382
382
382
382
382
382
382
383
383
384
384
384
385
386
386
386
386
386
386
386
386
386
386
386
387
387
388
388
388
388
388
390
390
391
391
392
393
395
395
395
395
396
396
396
397
397
398
399
399
399
399
399
399
399
399
399
399
401
402
402
402
404
405
405
405
406
408
409
409
409
409
409
409
410
410
410
410
411
412
412
412
413
413
413
413
414
415
415
415
415
415
415
416
416
416
417
417
418
419
420
420
420
420
421
421
422
422
422
422
423
423
424
424
424
424
425
425
425
426
426
426
426
426
426
426
426
426
426
426
426
426
427
427
427
427
427
427
427
428
428
428
429
430
431
431
432
432
432
432
432
432
433
433
434
434
435
435
435
435
435
435
435
435
435
435
435
435
435
435
436
436
436
436
437
437
437
437
437
437
438
438
438
438
438
438
438
439
440
440
440
440
440
440
440
442
442
442
442
443
443
443
443
444
444
445
445
445
445
446
446
447
448
448
448
449
449
449
450
451
451
451
451
451
452
453
453
454
454
454
455
455
455
455
455
455
455
455
455
455
456
456
457
457
457
457
457
459
460
460
460
460
460
460
460
461
461
461
462
462
462
462
462
463
463
463
463
463
463
463
463
463
463
463
463
463
463
464
464
464
464
464
464
464
464
464
464
464
465
466
466
466
466
466
466
466
466
466
466
466
466
466
466
466
466
466
468
468
469
469
469
469
469
470
470
471
471
472
472
472
472
472
473
474
474
474
474
474
474
474
475
475
475
475
475
475
476
476
476
476
476
476
477
477
477
478
479
479
479
479
479
480
480
480
481
481
482
482
482
483
483
484
484
485
485
486
487
487
487
487
487
487
487
487
489
490
491
491
491
492
493
494
494
494
494
494
495
495
495
495
495
495
495
496
496
496
496
496
496
496
496
496
496
496
496
497
497
497
497
497
497
497
498
498
498
498
498
498
498
499
499
499
499
500
500
501
501
501
501
501
501
502
502
503
504
505
505
505
505
505
505
505
505
505
506
507
507
508
508
508
508
508
508
508
508
508
508
508
508
508
508
509
509
509
509
509
509
509
509
509
509
509
509
509
509
509
509
509
509
509
509
510
511
511
511
511
512
513
513
513
513
514
515
515
515
515
515
515
516
516
516
516
516
517
517
517
517
518
518
518
518
519
519
519
519
519
519
520
520
521
522
522
522
